conflicts,sktCount,lemmaCorr,lemmaCNGCorr
0,15.671789087833075,1.0,1.0
1,16.07430087773015,0.9328434374362115,0.8639518269034497
2,16.790712799167533,0.9400364203954215,0.8224505723204995
3,17.84025488903538,0.8804658316853439,0.8152054493517908
4,18.207981829980532,0.8835171966255678,0.8160285528877352
5,17.143238095238097,0.8853333333333333,0.8144761904761905
6,18.367078517337585,0.8624950179354325,0.7417297728178557
7,19.52771362586605,0.8643187066974596,0.7875288683602771
8,19.60968137254902,0.8443627450980392,0.7549019607843137
9,19.369397217928903,0.8408037094281299,0.7774343122102009
10,19.324927255092142,0.8283220174587779,0.7439379243452958
11,20.942643391521198,0.8204488778054863,0.7373233582709892
12,16.176699029126212,0.7844660194174757,0.7165048543689321
13,20.76278409090909,0.7400568181818182,0.6477272727272727
14,20.982456140350877,0.7953216374269005,0.7290448343079922
15,21.829694323144103,0.8253275109170306,0.6877729257641921
16,21.64,0.7976470588235294,0.7223529411764706
17,22.559493670886077,0.7620253164556962,0.6987341772151898
18,25.98447204968944,0.7857142857142857,0.6987577639751553
19,22.46511627906977,0.751937984496124,0.7170542635658915
20,18.513513513513512,0.7837837837837838,0.6810810810810811
21,22.674157303370787,0.7415730337078652,0.6966292134831461
22,20.167832167832167,0.7622377622377622,0.6713286713286714
23,23.397959183673468,0.8214285714285714,0.7602040816326531
24,23.81904761904762,0.7428571428571429,0.6571428571428571
25,21.475,0.7166666666666667,0.6583333333333333
26,20.06382978723404,0.7446808510638298,0.6808510638297872
27,21.13684210526316,0.7368421052631579,0.631578947368421
28,21.585365853658537,0.7682926829268293,0.6829268292682927
29,22.61764705882353,0.7058823529411765,0.6470588235294118
30,22.38888888888889,0.8055555555555556,0.7361111111111112
31,19.95744680851064,0.723404255319149,0.5957446808510638
32,21.06122448979592,0.6938775510204082,0.6326530612244898
33,25.77777777777778,0.7222222222222222,0.5925925925925926
34,18.714285714285715,0.6285714285714286,0.5714285714285714
35,28.54054054054054,0.5405405405405406,0.4864864864864865
36,20.0,0.48148148148148145,0.37037037037037035
37,30.043478260869566,0.782608695652174,0.6956521739130435
38,18.0,0.6923076923076923,0.6923076923076923
39,33.5,0.5714285714285714,0.35714285714285715
40,19.482758620689655,0.8275862068965517,0.7931034482758621
41,31.523809523809526,0.5714285714285714,0.47619047619047616
42,28.58823529411765,0.7647058823529411,0.6470588235294118
43,34.3,0.7,0.6
44,20.38888888888889,0.8333333333333334,0.8333333333333334
45,36.333333333333336,0.7222222222222222,0.5
46,10.875,0.75,0.625
47,36.4375,0.5625,0.5625
48,27.615384615384617,0.8461538461538461,0.7692307692307693
49,24.727272727272727,0.5454545454545454,0.5454545454545454
50,43.5,1.0,0.8333333333333334
51,22.25,0.25,0.25
52,50.333333333333336,0.6666666666666666,0.6666666666666666
53,0.0,1.0,1.0
54,33.0,0.6,0.6
55,36.6,0.8,0.8
56,26.75,0.75,0.75
57,60.0,1.0,1.0
58,63.75,1.0,1.0
59,16.0,0.5,0.5
60,37.4,0.8,0.8
61,22.0,1.0,1.0
62,43.0,1.0,1.0
63,23.0,0.6666666666666666,0.6666666666666666
65,39.0,1.0,1.0
67,118.0,1.0,1.0
68,14.0,1.0,1.0
70,62.0,1.0,1.0
71,10.0,1.0,0.5
72,6.5,1.0,1.0
74,41.0,1.0,1.0
76,24.75,0.5,0.5
78,7.0,1.0,1.0
80,28.0,1.0,1.0
84,62.0,0.0,0.0
85,41.0,0.0,0.0
90,116.0,0.0,0.0
96,75.0,0.0,0.0
